# Euler angles (degree) and shifts (mm) for clusters
# cl   cr   cr#    psi(Rx)      theta(Ry)      phi(Rz)           dx                dy           dz
# GRETINA Quad
   0    1    0   61.745083   9.71628188639  -75.4362897191   7.85106014643  -30.2191365671  182.346272251
   0    0    1  147.068200  16.3669293026    16.7040485896  49.9309226799    14.9838405296  177.503206324
   0    1    2   61.745083   9.71628080091  104.563712815   -7.85106043878   30.2191322001  182.346268763
   0    0    3  147.068200  16.3669295272  -163.295955915  -49.9309223876   -14.9838361627  177.503198524
#
#
# GRETINA Triple
   1    1    0   61.745083   9.71628188639  -75.4362897191   7.85106014643  -30.2191365671  182.346272251
   1    0    1  147.068200  16.3669293026    16.7040485896  49.9309226799    14.9838405296  177.503206324
   1    1    2   61.745083   9.71628080091  104.563712815   -7.85106043878   30.2191322001  182.346268763
#
# AGATA Triple
   2    2    0  -179.728796   9.424198        -2.941715      34.927900        -1.628323      -44.096715
   2	3    1   177.231534   9.424198	     115.416685	    -13.861478	      32.994962	     -44.227057
   2	4    2	-178.705246   9.424198	    -120.418975	    -17.286848	     -30.890029	     -44.167278
#
# Miniball Triple
  3	5    0	0.0000000	4.514046	0.000000	35.851348	0.000000	-2.830406
  3	5    1	0.0000000	4.514046      120.000000	-17.925674	31.048178	-2.830406
  3	5    2  0.0000000	4.514046      240.000000	-17.925674     -31.048178	-2.830406
#
# Clover
  4	6    0	0.0000000	0.000000	0.000000	27.400000	27.400000	0.0000000
  4	6    1	0.0000000	0.000000       90.000000	-27.400000	27.400000	0.0000000
  4	6    2	0.0000000	0.000000      180.000000	-27.400000	-27.400000	0.0000000
  4	6    3	0.0000000	0.000000      270.000000	27.400000	-27.400000	0.0000000
