#KW MB 30 deg ring 6 detectors, 27 cm
#   Greta xyz =000 = nominal -> R= 5 invert signs
#   Agata defined wrt center? R = 20
#   second ring now at 65
# cl cl#  psi (Rz)   theta (Ry)    phi (Rz)  dx dy dz
   0    0       90      65      -20  	-42.5825	15.4988         -21.1309
   1    1        0      65      -90  	0		45.3154        	-21.1309
 100	2	60	65	-150	-156.977        -90.6308        84.5237
 200    3       0       30      0       135     0       233.8270
 201    3       60      30      60      67.5    116.913 233.8270
 202    3       120     30      120     -67.5   116.913 233.8270
 203    3       180     30      180     -135    1.65327e-14     233.8270
 204    3       240     30      240     -67.5   -116.913        233.8270
 205    3       300     30      300     67.5    -116.913        233.8270
 206	3	0	65	60	90.6308 	156.977 	84.5237
 207	3	150	65	150	-156.977        90.6308 	84.5237

