# External walls (canister) of the cluster (in the cluster reference frame)
# cl#   cr#   w#    cf    np    p#
   0     0     0     0     6     0    -73.607477      8.602324    168.560938    -74.029073      8.453634    169.993144
   0     0     0     0     6     1    -42.316656     20.291093    178.349618    -42.460848     20.262813    179.870023
   0     0     0     0     6     2    -16.561390     -4.210078    183.526216    -16.698626     -4.225321    185.049678
   0     0     0     0     6     3    -26.041921    -42.369140    177.638206    -26.169880    -42.421770    178.982273
   0     0     0     0     6     4    -60.229975    -47.920740    167.552609    -60.658451    -48.028924    168.986301
   0     0     0     0     6     5    -81.045414    -21.865762    163.896729    -81.450259    -21.987252    165.335944
   0     1     1     0     6     0    -16.457548     -4.254679    183.536167    -16.595392     -4.281997    185.059405
   0     1     1     0     6     1     16.557569      4.288707    183.530516     16.724985      4.322168    185.050684
   0     1     1     0     6     2     42.320146    -20.297903    178.346698     42.455628    -20.267841    179.867675
   0     1     1     0     6     3     32.840678    -54.709219    173.052067     32.880322    -54.973692    174.528361
   0     1     1     0     6     4      0.516619    -65.741109    172.615560      0.607613    -65.988478    174.092477
   0     1     1     0     6     5    -26.056820    -42.378490    177.631446    -26.191289    -42.445897    179.147895
   0     2     2     0     6     0     16.467731      4.264049    183.535053     16.615361      4.300513    185.057196
   0     2     2     0     6     1    -16.542914     -4.293299    183.531909    -16.696173     -4.331330    185.053442
   0     2     2     0     6     2    -42.320781     20.297253    178.346780    -42.456873     20.266568    179.867834
   0     2     2     0     6     3    -32.840673     54.709222    173.052067    -32.880317     54.973697    174.528361
   0     2     2     0     6     4     -0.516615     65.741112    172.615559     -0.607607     65.988480    174.092477
   0     2     2     0     6     5     26.055948     42.378695    177.631373     26.189582     42.446301    179.147753
   0     3     3     0     6     0     73.941718     -7.936540    168.410715     74.352583     -7.799676    169.846939
   0     3     3     0     6     1     42.316654    -20.291099    178.349619     42.460845    -20.262819    179.870024
   0     3     3     0     6     2     16.561385      4.210075    183.526218     16.698620      4.225319    185.049678
   0     3     3     0     6     3     26.041916     42.369137    177.638206     26.190963     42.446721    179.153083
   0     3     3     0     6     4     60.229970     47.920738    167.552613     60.658447     48.028921    168.986303
   0     3     3     0     6     5     81.045408     21.865758    163.896731     81.450253     21.987249    165.335947
   0     0     4     0     4     0   -109.932028     12.628260    256.757122   -111.164386     13.801139    256.509474
   0     0     4     0     4     1    -62.956916     29.580006    271.402002    -64.216353     30.743114    271.145911
   0     0     4     0     4     2    -41.205703     19.104367    180.187650    -42.465138     20.267474    179.931558
   0     0     4     0     4     3    -72.386170      7.851682    170.463181    -73.618527      9.024561    170.215532
   0     0     5     0     4     0   -121.395917    -33.095684    249.672615   -123.006687    -33.451059    249.189513
   0     0     5     0     4     1   -109.934527     12.624990    256.756143   -111.160564     13.804359    256.510820
   0     0     5     0     4     2    -72.388666      7.848423    170.462204    -73.614704      9.027792    170.216881
   0     0     5     0     4     3    -79.821016    -21.799995    165.868759    -81.431788    -22.155370    165.385657
   0     0     6     0     4     0    -90.154236    -71.426794    255.225073    -90.712617    -73.067204    254.929529
   0     0     6     0     4     1   -121.395285    -33.099863    249.672440   -123.008486    -33.446206    249.189417
   0     0     6     0     4     2    -79.820383    -21.804164    165.868586    -81.433583    -22.150507    165.385563
   0     0     6     0     4     3    -59.566821    -46.653865    169.471796    -60.125202    -48.294275    169.176251
   0     0     7     0     4     0    -39.107601    -62.636329    270.326326    -39.563483    -64.258889    270.061121
   0     0     7     0     4     1    -90.148148    -71.429716    255.226539    -90.708090    -73.070210    254.930549
   0     0     7     0     4     2    -59.560722    -46.656791    169.473265    -60.120675    -48.297280    169.177272
   0     0     7     0     4     3    -25.743647    -40.830830    179.478356    -26.199519    -42.453394    179.213153
   0     1     8     0     4     0      0.480556    -97.942898    262.749964      0.120512    -99.654809    262.481761
   0     1     8     0     4     1    -39.099384    -62.636698    270.305193    -39.555468    -64.262926    270.055325
   0     1     8     0     4     2    -25.735422    -40.831203    179.457224    -26.191507    -42.457441    179.207355
   0     1     8     0     4     3      0.480550    -64.217827    174.456559      0.120511    -65.929726    174.188359
   0     1     9     0     4     0     49.172695    -81.293442    263.412694     50.437688    -82.448405    263.166824
   0     1     9     0     4     1      0.482515    -97.943287    262.749815      0.120155    -99.654736    262.481788
   0     1     9     0     4     2      0.482512    -64.218216    174.456409      0.120153    -65.929653    174.188386
   0     1     9     0     4     3     32.058159    -53.419390    174.882708     33.323140    -54.574362    174.636836
   0     1    10     0     4     0     62.957542    -29.578935    271.389506     64.217009    -30.744853    271.142057
   0     1    10     0     4     1     49.178021    -81.286434    263.413627     50.440034    -82.442795    263.167652
   0     1    10     0     4     2     32.063484    -53.412383    174.883639     33.325495    -54.568754    174.637664
   0     1    10     0     4     3     41.206325    -19.103290    180.175153     42.465803    -20.269211    179.927704
   0     3    11     0     4     0    109.932020    -12.628264    256.757126    111.164377    -13.801143    256.509477
   0     3    11     0     4     1     62.956907    -29.580010    271.402004     64.216343    -30.743119    271.145913
   0     3    11     0     4     2     41.205696    -19.104369    180.187651     42.465132    -20.267477    179.931560
   0     3    11     0     4     3     72.386163     -7.851684    170.463185     73.618521     -9.024565    170.215535
   0     3    12     0     4     0    121.395909     33.095679    249.672620    123.006680     33.451055    249.189518
   0     3    12     0     4     1    109.934518    -12.624994    256.756148    111.160555    -13.804364    256.510823
   0     3    12     0     4     2     72.388661     -7.848426    170.462206     73.614698     -9.027795    170.216883
   0     3    12     0     4     3     79.821011     21.799992    165.868762     81.431782     22.155367    165.385660
   0     3    13     0     4     0     90.154229     71.426790    255.225076     90.712610     73.067200    254.929532
   0     3    13     0     4     1    121.395278     33.099859    249.672445    123.008479     33.446202    249.189422
   0     3    13     0     4     2     79.820377     21.804161    165.868589     81.433576     22.150505    165.385566
   0     3    13     0     4     3     59.566816     46.653862    169.471797     60.125197     48.294272    169.176253
   0     3    14     0     4     0     39.107594     62.636326    270.326327     39.563475     64.258885    270.061122
   0     3    14     0     4     1     90.148141     71.429712    255.226542     90.708083     73.070206    254.930551
   0     3    14     0     4     2     59.560717     46.656788    169.473266     60.120669     48.297277    169.177273
   0     3    14     0     4     3     25.743641     40.830829    179.478356     26.199513     42.453392    179.213153
   0     2    15     0     4     0     -0.480548     97.942902    262.749962     -0.120505     99.654812    262.481761
   0     2    15     0     4     1     39.099391     62.636703    270.305191     39.555474     64.262930    270.055324
   0     2    15     0     4     2     25.735426     40.831205    179.457225     26.191512     42.457444    179.207355
   0     2    15     0     4     3     -0.480546     64.217831    174.456561     -0.120506     65.929729    174.188360
   0     2    16     0     4     0    -49.172689     81.293447    263.412694    -50.437681     82.448409    263.166824
   0     2    16     0     4     1     -0.482508     97.943291    262.749814     -0.120148     99.654740    262.481787
   0     2    16     0     4     2     -0.482507     64.218219    174.456412     -0.120148     65.929656    174.188388
   0     2    16     0     4     3    -32.058154     53.419393    174.882709    -33.323136     54.574366    174.636838
   0     2    17     0     4     0    -62.957535     29.578939    271.389506    -64.217002     30.744857    271.142058
   0     2    17     0     4     1    -49.178013     81.286438    263.413627    -50.440027     82.442799    263.167652
   0     2    17     0     4     2    -32.063480     53.412386    174.883641    -33.325489     54.568756    174.637666
   0     2    17     0     4     3    -41.206321     19.103293    180.175153    -42.465799     20.269214    179.927704
   0     0    18     0     6     0   -108.508463     10.380790    259.677657   -116.605370      7.950979    288.461961
   0     0    18     0     6     1    -62.932433     26.827649    273.886361    -71.029340     24.397838    302.670664
   0     0    18     0     6     2    -27.254790     -7.152930    281.053885    -35.351698     -9.582741    309.838187
   0     0    18     0     6     3    -40.578637    -60.303139    272.819295    -48.675544    -62.732950    301.603598
   0     0    18     0     6     4    -89.885047    -68.797762    258.232533    -97.981954    -71.227573    287.016836
   0     0    18     0     6     5   -119.308307    -32.700910    253.002987   -127.405214    -35.130721    281.787290
   0     1    19     0     6     0    -23.885524     -8.027934    281.337962    -22.612376    -12.928334    310.907629
   0     1    19     0     6     1     24.819332      4.625822    281.337963     26.092479     -0.274578    310.907629
   0     1    19     0     6     2     60.514670    -29.371625    274.166880     61.787817    -34.272025    303.736546
   0     1    19     0     6     3     47.099151    -79.713211    266.401693     48.372298    -84.613611    295.971359
   0     1    19     0     6     4      1.217592    -95.402642    265.777049      2.490739   -100.303042    295.346716
   0     1    19     0     6     5    -37.198465    -61.134642    273.110112    -35.925318    -66.035042    302.679779
   0     2    20     0     6     0     23.885531      8.027938    281.337961     22.612384     12.928338    310.907628
   0     2    20     0     6     1    -24.819325     -4.625818    281.337963    -26.092471      0.274583    310.907629
   0     2    20     0     6     2    -60.514662     29.371629    274.166880    -61.787809     34.272030    303.736547
   0     2    20     0     6     3    -47.099144     79.713214    266.401693    -48.372290     84.613615    295.971360
   0     2    20     0     6     4     -1.217584     95.402646    265.777048     -2.490731    100.303047    295.346715
   0     2    20     0     6     5     37.198473     61.134646    273.110111     35.925326     66.035047    302.679777
   0     3    21     0     6     0    108.508454    -10.380795    259.677660    116.605360     -7.950984    288.461963
   0     3    21     0     6     1     62.932424    -26.827653    273.886363     71.029330    -24.397842    302.670666
   0     3    21     0     6     2     27.254781      7.152926    281.053885     35.351687      9.582737    309.838189
   0     3    21     0     6     3     40.578628     60.303135    272.819297     48.675535     62.732946    301.603600
   0     3    21     0     6     4     89.885040     68.797758    258.232537     97.981946     71.227569    287.016840
   0     3    21     0     6     5    119.308299     32.700905    253.002991    127.405206     35.130716    281.787294
## AGATA now...
     2   0  3  2  4  0    18.285154   -33.910246   -46.681338     18.817882   -34.898816   -46.778066
     2   0  3  2  4  1    54.999505   -32.391967   -52.754328     55.633443   -33.376352   -52.867797
     2   0  3  2  4  2    82.885361   -49.178344    59.053586     83.519299   -50.162728    58.940117
     2   0  3  2  4  3    27.741811   -51.458741    68.174984     28.274539   -52.447311    68.078256
     2   0  4  3  4  0    55.016018   -32.380997   -52.756972     55.649956   -33.365381   -52.870441
     2   0  4  3  4  1    70.525636    -0.019671   -55.052248     71.629905    -0.022693   -55.235322
     2   0  4  3  4  2   106.453408    -0.026326    55.565538    107.557678    -0.029349    55.382464
     2   0  4  3  4  3    82.901875   -49.167373    59.050942     83.535813   -50.151758    58.937473
     2   0  5  4  4  0    70.525742     0.000329   -55.052096     71.630012    -0.002693   -55.235170
     2   0  5  4  4  1    57.693661    27.457106   -52.691113     58.356466    28.398684   -52.792962
     2   0  5  4  4  2    86.935759    41.755775    59.156775     87.598564    42.697354    59.054926
     2   0  5  4  4  3   106.453515    -0.006327    55.565691    107.557785    -0.009349    55.382617
     2   0  6  5  4  0    57.677609    27.468712   -52.688353     58.340414    28.410291   -52.790202
     2   0  6  5  4  1    21.132912    31.594694   -46.595407     21.764694    32.539775   -46.692083
     2   0  6  5  4  2    32.072845    47.959721    68.303926     32.704626    48.904802    68.207250
     2   0  6  5  4  3    86.919707    41.767382    59.159535     87.582512    42.708961    59.057686
     2   0  7  0  6  0    17.832114   -31.323933   -44.860951     17.668587   -31.315530   -45.847454
     2   0  7  0  6  1    53.591783   -29.845134   -50.776025     53.428256   -29.836731   -51.762528
     2   0  7  0  6  2    67.908771     0.027731   -52.894804     67.745244     0.036134   -53.881307
     2   0  7  0  6  3    56.233329    25.009649   -50.746632     56.069802    25.018052   -51.733135
     2   0  7  0  6  4    20.426845    29.052285   -44.776764     20.263318    29.060688   -45.763267
     2   0  7  0  6  5     0.975928    -0.044310   -41.800352      0.812401    -0.035906   -42.786855
     2   0  8  1  6  0    26.312253   -45.113000    51.537526     29.582790   -45.281065    71.267588
     2   0  8  1  6  1    76.494774   -43.037760    43.236741     79.765311   -43.205826    62.966803
     2   0  8  1  6  2    97.105436    -0.032939    40.186559    100.375972    -0.201005    59.916620
     2   0  8  1  6  3    80.197726    36.144451    43.297419     83.468263    35.976385    63.027480
     2   0  8  1  6  4    30.067808    41.804235    51.655373     33.338345    41.636170    71.385435
     2   0  8  1  6  5     2.055205    -0.099771    55.941909      5.325742    -0.267837    75.671971
     2   1  9  2  4  0    21.081671    31.554030   -46.590110     21.742777    32.542978   -46.691274
     2   1  9  2  4  1     5.805841    65.181885   -52.719755      6.478251    66.145950   -52.816383
     2   1  9  2  4  2     9.109828    98.356505    59.115545      9.782237    99.320570    59.018917
     2   1  9  2  4  3    32.021604    47.919057    68.309223     32.682710    48.908005    68.208059
     2   1 10  3  4  0     5.789469    65.193017   -52.722590      6.461879    66.157082   -52.819218
     2   1 10  3  4  1   -26.236566    66.995165   -55.274284    -26.678880    68.021957   -55.459728
     2   1 10  3  4  2   -39.625818   101.109136    55.230972    -40.068132   102.135928    55.045528
     2   1 10  3  4  3     9.093456    98.367637    59.112710      9.765865    99.331702    59.016082
     2   1 11  4  4  0   -26.254908    66.987186   -55.274394    -26.697223    68.013978   -55.459839
     2   1 11  4  4  1   -50.950294    37.394811   -52.597269    -52.126407    37.542295   -52.703166
     2   1 11  4  4  2   -77.134880    56.176189    59.295076    -78.310993    56.323673    59.189180
     2   1 11  4  4  3   -39.644160   101.101158    55.230862    -40.086475   102.127950    55.045417
     2   1 12  5  4  0   -50.953016    37.375188   -52.594521    -52.129129    37.522673   -52.700418
     2   1 12  5  4  1   -34.632547     1.522792   -46.056959    -35.764022     1.572216   -46.144974
     2   1 12  5  4  2   -52.625381     2.308737    69.116793    -53.756856     2.358160    69.028777
     2   1 12  5  4  3   -77.137602    56.156566    59.297824    -78.313715    56.304051    59.191928
     2   1 13  0  6  0    18.979779    29.896018   -44.768024     19.050057    29.748124   -45.754527
     2   1 13  0  6  1     3.957700    62.965273   -50.795848      4.027978    62.817379   -51.782352
     2   1 13  0  6  2   -25.138312    64.602545   -53.114091    -25.068034    64.454651   -54.100594
     2   1 13  0  6  3   -47.983205    37.227607   -50.637570    -47.912927    37.079713   -51.624073
     2   1 13  0  6  4   -32.048770     2.223241   -44.254643    -31.978492     2.075347   -45.241146
     2   1 13  0  6  5    -0.442250     0.842638   -41.796032     -0.371972     0.694744   -42.782535
     2   1 14  1  6  0    27.077631    43.679531    51.664113     25.672070    46.637412    71.394175
     2   1 14  1  6  1     6.079593    89.904120    43.238350      4.674033    92.862001    62.968412
     2   1 14  1  6  2   -36.080691    92.276536    39.879204    -37.486252    95.234416    59.609266
     2   1 14  1  6  3   -68.939324    52.902177    43.441273    -70.344885    55.860057    63.171335
     2   1 14  1  6  4   -46.593953     3.814428    52.392257    -47.999514     6.772308    72.122319
     2   1 14  1  6  5    -0.906085     1.818738    55.946229     -2.311645     4.776619    75.676291
     2   2 15  2  4  0   -36.041114   -61.186684   -55.148302    -36.637157   -62.158524   -55.337498
     2   2 15  2  4  1     2.426096   -62.969224   -52.170648      3.019953   -63.996203   -52.267737
     2   2 15  2  4  2     4.001333   -95.070296    59.940339      4.595190   -96.097275    59.843250
     2   2 15  2  4  3   -54.425001   -92.362865    55.417697    -55.021044   -93.334705    55.228501
     2   2 16  3  4  0     2.443376   -62.959557   -52.167812      3.037233   -63.986537   -52.264901
     2   2 16  3  4  1    18.219312   -33.830224   -46.672580     18.792903   -34.894623   -46.776728
     2   2 16  3  4  2    27.675970   -51.378719    68.183743     28.249561   -52.443118    68.079595
     2   2 16  3  4  3     4.018613   -95.060629    59.943175      4.612470   -96.087608    59.846086
     2   2 17  6  4  0   -34.609774     1.501779   -46.055120    -35.761299     1.552078   -46.144695
     2   2 17  6  4  1   -53.782188   -29.987880   -52.173638    -54.947036   -29.959462   -52.267464
     2   2 17  6  4  2   -81.375160   -44.969646    59.936409    -82.540008   -44.941228    59.842582
     2   2 17  6  4  3   -52.602608     2.287723    69.118632    -53.754133     2.338022    69.029057
     2   2 18  7  4  0   -53.782418   -30.007674   -52.176490    -54.947266   -29.979256   -52.270317
     2   2 18  7  4  1   -36.058165   -61.176230   -55.148239    -36.654208   -62.148070   -55.337435
     2   2 18  7  4  2   -54.442051   -92.352412    55.417760    -55.038094   -93.324252    55.228565
     2   2 18  7  4  3   -81.375390   -44.989441    59.933556    -82.540238   -44.961023    59.839730
     2   2 19  0  6  0   -34.611289   -58.868599   -52.973082    -34.528383   -58.727396   -53.959586
     2   2 19  0  6  1     0.820197   -60.510467   -50.230416      0.903103   -60.369264   -51.216919
     2   2 19  0  6  2    16.276691   -31.970965   -44.846455     16.359597   -31.829762   -45.832958
     2   2 19  0  6  3    -0.520629    -0.800578   -41.796545     -0.437723    -0.659375   -42.783048
     2   2 19  0  6  4   -32.084244     0.578151   -44.251818    -32.001337     0.719354   -45.238321
     2   2 19  0  6  5   -50.870233   -30.276827   -50.247016    -50.787327   -30.135624   -51.233519
     2   2 20  1  6  0   -49.545858   -84.199288    40.067751    -51.203979   -87.023344    59.797812
     2   2 20  1  6  1     1.505812   -86.564983    44.019537     -0.152310   -89.389039    63.749599
     2   2 20  1  6  2    23.130373   -46.636508    51.552022     21.472252   -49.460564    71.282084
     2   2 20  1  6  3    -1.067809    -1.732517    55.945716     -2.725930    -4.556572    75.675778
     2   2 20  1  6  4   -46.712772     0.261299    52.395082    -48.370893    -2.562757    72.125144
     2   2 20  1  6  5   -73.011913   -42.933626    44.002202    -74.670034   -45.757682    63.732264
############ walls of MINIBALL cluster
   3    0    2    2    4    0    72.263764     0.100000    -9.115687    87.028538     0.100000    83.810526
   3    0    2    2    4    1    73.417568     0.100000    -9.206778    88.182346     0.100000    83.719435
   3    0    2    2    4    2    54.579285    32.830391    -7.719526    65.652868    39.243622    85.498101
   3    0    2    2    4    3    54.002383    31.828056    -7.673980    65.075965    38.241287    85.543646
   3    0    3    2    4    0    72.263764    -0.100000    -9.115687    87.028538    -0.100000    83.810526
   3    0    3    2    4    1    73.417568    -0.100000    -9.206778    88.182346    -0.100000    83.719435
   3    0    3    2    4    2    54.579285   -32.830391    -7.719526    65.652868   -39.243622    85.498101
   3    0    3    2    4    3    54.002383   -31.828056    -7.673980    65.075965   -38.241287    85.543646
   3    0    4    2    4    0    53.902693    31.914660    -7.666110    64.976275    38.327888    85.551517
   3    0    4    2    4    1    54.479597    32.916992    -7.711655    65.553177    39.330223    85.505971
   3    0    4    2    4    2    19.287226    32.916992    -4.933275    22.978421    39.330223    88.867179
   3    0    4    2    4    3    18.710322    31.914660    -4.887729    22.401517    38.327888    88.912725
   3    0    5    2    4    0    53.902693   -31.914660    -7.666110    64.976275   -38.327888    85.551517
   3    0    5    2    4    1    54.479597   -32.916992    -7.711655    65.553177   -39.330223    85.505971
   3    0    5    2    4    2    19.287226   -32.916992    -4.933275    22.978421   -39.330223    88.867179
   3    0    5    2    4    3    18.710322   -31.914660    -4.887729    22.401517   -38.327888    88.912725
   3    1   10    2    4    0   -36.218485    62.532254    -9.115687   -43.600872    75.318924    83.810526
   3    1   10    2    4    1   -36.795387    63.531478    -9.206778   -44.177776    76.318151    83.719435
   3    1   10    2    4    2   -55.721595    30.851851    -7.719526   -66.812407    37.235239    85.498101
   3    1   10    2    4    3   -54.565097    30.853406    -7.673980   -65.655909    37.236794    85.543646
   3    1   11    2    4    0   -36.045279    62.632254    -9.115687   -43.427666    75.418924    83.810526
   3    1   11    2    4    1   -36.622182    63.631478    -9.206778   -44.004570    76.418151    83.719435
   3    1   11    2    4    2     1.142310    63.682242    -7.719526     1.159540    76.478861    85.498101
   3    1   11    2    4    3     0.562714    62.681462    -7.673980     0.579943    75.478082    85.543646
   3    1   12    2    4    0   -54.590252    30.723770    -7.666110   -65.681063    37.107160    85.551517
   3    1   12    2    4    1   -55.746750    30.722217    -7.711655   -66.837561    37.105604    85.505971
   3    1   12    2    4    2   -38.150565     0.244731    -4.933275   -45.550183     0.234783    88.867179
   3    1   12    2    4    3   -36.994067     0.246284    -4.887729   -44.393683     0.236337    88.912725
   3    1   13    2    4    0     0.687560    62.638430    -7.666110     0.704787    75.435048    85.551517
   3    1   13    2    4    1     1.267153    63.639210    -7.711655     1.284384    76.435827    85.505971
   3    1   13    2    4    2    18.863338    33.161723    -4.933275    22.571762    39.565006    88.867179
   3    1   13    2    4    3    18.283745    32.160943    -4.887729    21.992167    38.564226    88.912725
   3    2   18    2    4    0   -36.045279   -62.632254    -9.115687   -43.427666   -75.418924    83.810526
   3    2   18    2    4    1   -36.622182   -63.631478    -9.206778   -44.004570   -76.418151    83.719435
   3    2   18    2    4    2     1.142310   -63.682242    -7.719526     1.159540   -76.478861    85.498101
   3    2   18    2    4    3     0.562714   -62.681462    -7.673980     0.579943   -75.478082    85.543646
   3    2   19    2    4    0   -36.218485   -62.532254    -9.115687   -43.600872   -75.318924    83.810526
   3    2   19    2    4    1   -36.795387   -63.531478    -9.206778   -44.177776   -76.318151    83.719435
   3    2   19    2    4    2   -55.721595   -30.851851    -7.719526   -66.812407   -37.235239    85.498101
   3    2   19    2    4    3   -54.565097   -30.853406    -7.673980   -65.655909   -37.236794    85.543646
   3    2   20    2    4    0     0.687560   -62.638430    -7.666110     0.704787   -75.435048    85.551517
   3    2   20    2    4    1     1.267153   -63.639210    -7.711655     1.284384   -76.435827    85.505971
   3    2   20    2    4    2    18.863338   -33.161723    -4.933275    22.571762   -39.565006    88.867179
   3    2   20    2    4    3    18.283745   -32.160943    -4.887729    21.992167   -38.564226    88.912725
   3    2   21    2    4    0   -54.590252   -30.723770    -7.666110   -65.681063   -37.107160    85.551517
   3    2   21    2    4    1   -55.746750   -30.722217    -7.711655   -66.837561   -37.105604    85.505971
   3    2   21    2    4    2   -38.150565    -0.244731    -4.933275   -45.550183    -0.234783    88.867179
   3    2   21    2    4    3   -36.994067    -0.246284    -4.887729   -44.393683    -0.236337    88.912725
   3    0    0    2    6    0    69.452493     0.000000    -8.893741    69.609904     0.000000    -7.903057
   3    0    0    2    6    1    52.518127    29.422455    -7.556801    52.636182    29.490826    -6.563009
   3    0    0    2    6    2    18.649387    29.422455    -4.882918    18.688739    29.490826    -3.882914
   3    0    0    2    6    3     1.715021     0.000000    -3.545978     1.715017     0.000000    -2.542866
   3    0    0    2    6    4    18.649387   -29.422455    -4.882918    18.688739   -29.490826    -3.882914
   3    0    0    2    6    5    52.518127   -29.422455    -7.556801    52.636182   -29.490826    -6.563009
   3    0    1    2    6    0    82.643199     0.000000    74.125626    84.217270     0.000000    84.032471
   3    0    1    2    6    1    62.411154    35.151970    75.722913    63.591707    35.835682    85.660826
   3    0    1    2    6    2    21.947065    35.151970    78.917488    22.340581    35.835682    88.917536
   3    0    1    2    6    3     1.715021     0.000000    80.514775     1.715019     0.000000    90.545891
   3    0    1    2    6    4    21.947065   -35.151970    78.917488    22.340581   -35.835682    88.917536
   3    0    1    2    6    5    62.411154   -35.151970    75.722913    63.591707   -35.835682    85.660826
   3    1    8    2    6    0   -34.726246    60.147622    -8.893741   -34.804952    60.283944    -7.903057
   3    1    8    2    6    1   -51.739657    30.770803    -7.556801   -51.857895    30.838857    -6.563009
   3    1    8    2    6    2   -34.805287     1.439615    -4.882918   -34.884174     1.439508    -3.882914
   3    1    8    2    6    3    -0.857511     1.485251    -3.545978    -0.857508     1.485247    -2.542866
   3    1    8    2    6    4    16.155900    30.862069    -4.882918    16.195435    30.930334    -3.882914
   3    1    8    2    6    5    -0.778470    60.193258    -7.556801    -0.778287    60.329683    -6.563009
   3    1    9    2    6    0   -41.321599    71.571108    74.125626   -42.108635    72.934294    84.032471
   3    1    9    2    6    1   -61.648076    36.473659    75.722913   -62.830465    37.154192    85.660826
   3    1    9    2    6    2   -41.416031     1.430730    78.917488   -42.204902     1.429669    88.917536
   3    1    9    2    6    3    -0.857510     1.485250    80.514775    -0.857509     1.485248    90.545891
   3    1    9    2    6    4    19.468966    36.582700    78.917488    19.864320    37.265351    88.917536
   3    1    9    2    6    5    -0.763078    71.625629    75.722913    -0.761243    72.989874    85.660826
   3    2   16    2    6    0   -34.726246   -60.147622    -8.893741   -34.804952   -60.283944    -7.903057
   3    2   16    2    6    1    -0.778470   -60.193258    -7.556801    -0.778287   -60.329683    -6.563009
   3    2   16    2    6    2    16.155900   -30.862069    -4.882918    16.195435   -30.930334    -3.882914
   3    2   16    2    6    3    -0.857511    -1.485251    -3.545978    -0.857508    -1.485247    -2.542866
   3    2   16    2    6    4   -34.805287    -1.439615    -4.882918   -34.884174    -1.439508    -3.882914
   3    2   16    2    6    5   -51.739657   -30.770803    -7.556801   -51.857895   -30.838857    -6.563009
   3    2   17    2    6    0   -41.321599   -71.571108    74.125626   -42.108635   -72.934294    84.032471
   3    2   17    2    6    1    -0.763078   -71.625629    75.722913    -0.761243   -72.989874    85.660826
   3    2   17    2    6    2    19.468966   -36.582700    78.917488    19.864320   -37.265351    88.917536
   3    2   17    2    6    3    -0.857510    -1.485250    80.514775    -0.857509    -1.485248    90.545891
   3    2   17    2    6    4   -41.416031    -1.430730    78.917488   -42.204902    -1.429669    88.917536
   3    2   17    2    6    5   -61.648076   -36.473659    75.722913   -62.830465   -37.154192    85.660826