#KW MB 30 deg ring 6 detectors, 22 cm
#   Greta xyz =000 = nominal -> R= 5 invert signs
#   Agata defined wrt center? R = 20
#   second ring now at 65
   0    0       90      65      -20  	-42.5825	15.4988         -21.1309
   1    1        0      65      -90  	0		45.3154        	-21.1309
 100	2	60	65	-150	-156.977        -90.6308        84.5237
 200    3       0       30      0       110     	0		190.526
 201    3       60      30      60      55      	95.2628 	190.526
 202    3       120     30      120     -55     	95.2628 	190.526
 203    3       180     30      180     -110    	0     		190.526
 204    3       240     30      240     -55     	-95.2628        190.526
 205    3       300     30      300     55      	-95.2628        190.526
 206	3	0	65	60	90.6308 	156.977 	84.5237
 207	3	150	65	150	-156.977        90.6308 	84.5237

